17 21 8 5
13 28 7 29
31 15 6 8
31 11 6 21
19 16 15 11
34 14 5 22
10 18 24 28
11 23 22 12
27 14 21 22
21 29 12 3
12 10 23 14
12 11 18 7
13 28 9 28
42 22 16 29
31 18 7 21
49 13 24 26
28 24 22 10
22 17 13 9
48 19 10 18
22 21 19 28
41 25 22 6
27 28 17 25
37 26 9 26
44 23 6 26
13 10 25 12
20 16 23 22
29 29 25 11
22 30 19 28
39 13 24 8
23 26 14 17
14 30 18 16
16 21 13 9
25 18 15 10
33 16 19 15
44 12 18 15
46 14 16 22
14 14 8 21
40 27 16 9
33 18 10 10
37 17 17 28
30 25 25 27
28 18 12 13
29 19 13 8
15 30 19 26
27 29 13 27
25 25 16 17
43 14 20 6
11 18 21 15
30 25 25 6
21 23 10 21
45 25 9 9
28 17 7 18
40 18 23 22
49 24 16 23
17 18 6 7
37 14 12 4
37 29 19 13
50 21 17 24
35 24 6 20
31 15 7 15
13 12 13 20
31 11 15 25
16 14 25 26
33 11 5 19
24 13 17 16
36 25 17 7
42 11 7 9
35 29 10 27
21 22 7 17
42 25 16 19
27 28 10 24
33 25 9 17
37 18 11 12
37 22 22 12
31 14 23 14
48 15 9 9
48 10 17 28
49 20 22 19
34 30 6 23
28 27 18 3
44 21 17 7
35 28 10 21
40 25 5 18
45 11 19 7
38 10 22 16
15 15 17 6
33 23 20 21
30 11 24 22
32 26 17 12
36 30 18 3
42 29 9 8
30 15 21 16
22 29 6 14
49 12 24 18
50 18 18 28
15 21 8 20
43 16 5 3
28 16 16 21
25 26 20 7
12 17 19 11
46 14 13 18
11 19 20 13
45 10 12 8
25 24 24 8
40 21 13 7
18 24 6 29
25 17 6 7
26 25 16 20
40 15 6 27
16 21 18 12
32 22 9 13
48 15 11 21
45 19 14 16
47 19 7 7
16 18 9 20
25 21 5 5
30 25 15 4
36 10 6 6
47 11 18 18
30 23 5 4
11 18 11 28
21 10 20 9
15 28 20 22
24 30 25 29
34 11 24 8
41 14 5 25
25 15 17 26
43 21 19 15
25 12 17 29
20 11 22 15
50 15 25 23
20 17 22 27
12 24 25 13
40 26 11 24
24 19 16 29
27 28 14 18
17 15 12 8
25 10 20 17
19 18 9 16
21 15 17 3
28 24 21 5
33 15 20 18
42 26 17 24
31 27 6 5
43 17 17 2
49 22 16 3
49 19 8 10
33 27 16 4
45 20 16 22
12 16 5 27
30 26 14 18
26 29 5 12
24 12 19 27
39 22 6 25
15 25 8 5
13 19 5 29
20 21 24 2
23 16 6 15
25 23 15 7
16 30 19 2
27 26 24 15
14 23 12 10
27 24 17 11
15 28 22 3
41 19 12 25
10 10 6 3
11 14 16 3
12 28 19 7
12 13 20 10
30 21 23 18
17 23 17 19
38 25 12 16
43 19 13 21
34 27 5 13
40 29 14 26
14 16 9 17
50 19 10 29
15 21 16 8
33 25 19 12
27 18 12 9
45 10 9 18
28 30 16 9
15 16 16 18
14 10 15 26
26 10 18 9
30 17 13 9
47 14 8 26
15 23 25 11
33 13 5 4
13 23 6 2
45 30 23 24
50 30 7 17
19 27 25 12
41 11 21 16
35 29 19 9
43 24 7 15
23 14 5 28
50 18 21 23
49 23 13 16
30 21 10 28
13 22 18 11
36 22 16 15
25 20 14 5
48 27 8 6
46 17 14 23
48 13 17 25
11 14 13 5
37 15 5 3
37 25 8 8
12 26 22 22
37 21 16 15
47 23 22 6
28 14 17 5
14 20 5 27
10 26 11 14
17 19 22 5
30 18 14 7
36 29 7 5
31 25 7 13
35 12 24 12
24 15 19 14
37 28 25 6
39 15 9 10
29 18 16 8
38 19 25 16
17 23 15 16
15 20 17 12
26 23 11 27
44 29 7 27
41 18 14 19
28 16 14 13
39 26 18 5
17 28 19 6
15 18 9 21
41 13 11 6
20 22 21 4
48 16 14 17
21 23 14 10
50 16 6 26
17 12 21 11
45 19 9 16
47 13 21 13
39 18 7 19
13 16 13 25
31 17 14 12
24 11 22 16
28 17 8 24
25 16 15 21
24 30 11 23
26 15 8 24
32 10 22 26
31 27 9 21
48 14 12 24
35 18 25 23
35 24 6 17
49 30 6 12
46 19 10 5
50 22 14 9
18 24 22 10
20 30 25 19
16 20 23 6
49 24 6 27
50 21 8 22
18 23 22 17
50 19 25 3
32 11 19 11
40 11 17 28
33 23 15 19
37 19 13 15
14 28 13 7
26 17 8 14
27 25 6 18
44 16 12 24
50 29 6 3
42 21 13 26
13 12 12 11
10 21 5 23
19 17 14 4
11 26 19 7
48 15 23 2
11 10 7 9
23 25 18 23
26 16 19 18
29 21 7 10
10 27 14 27
38 16 12 15
43 15 20 6
20 27 7 17
36 18 23 3
50 11 25 10
45 15 12 27
37 28 18 16
38 17 9 5
43 30 11 22
39 22 14 4
49 20 15 17
18 13 24 3
37 11 11 28
43 12 5 13
48 18 22 28
